for i,v in pairs(getconnections(game.Players.LocalPlayer.Idled)) do
	v:Disable()
end
local tools = {}

for i,v in pairs(game.Players.LocalPlayer.Backpack:GetChildren()) do
	if v:IsA("Tool") then
		table.insert(tools, v.Name)
	end
end
local plr = game:GetService("Players").LocalPlayer

local Library = loadstring(game:HttpGet("https://raw.githubusercontent.com/Attrixx/FreeScripts/main/YTUILib1.lua"))():init("SeenHub-ADMIN-Version")
local Tab = Library:Tab("Main")
local Section = Tab:Section("Autofarm")
Section:Toggle("AutoFarm", false, function(state)
    getgenv().AutoFarm = state
end)

local quests = {
	"Bandit [Lv. 5]",
	"Monkey [Lv. 14]", 
	"Gorilla [Lv. 20]",
	"Pirate [Lv. 35]", 
	"Brute [Lv. 45]", 
	"Desert Bandit [Lv. 60]", 
	"Desert Officer [Lv. 70]", 
	"Snow Bandit [Lv. 90]", 
	"Snowman [Lv. 100]",
	"Chief Petty Officer [Lv. 120]" ,
	"Sky Bandit [Lv. 150]", 
	"Toga Warrior [Lv. 225]", 
	"Gladiator [Lv. 275]", 
	"Military Soldier [Lv. 300]", 
	"Military Spy [Lv. 330]", 
	"God's Guard [Lv. 450]",
	"Shanda [Lv. 475]", 
	"Galley Pirate [Lv. 625]"
}
local Section = Tab:Section("CommingSoon..")
local Section = Tab:Section("SelectCombat")
Section:Dropdown("Weapon", tools, "Select!", function(weapon)
	getgenv().CurrentWeapon = weapon
end)
Section:Toggle("Resetweapon", false, function(v)
    loadstring(game:HttpGet("https://pastebin.com/raw/L6XVEXLS"))()
end)
game.Players.LocalPlayer.Backpack.DescendantAdded:Connect(function(tool)
	local toolName = tool.Name
	if tool:IsA("Tool") then
		table.insert(tools, toolName)
		toolDropdown:Refresh(tools)
	end
end)
game.Players.LocalPlayer.Backpack.DescendantRemoving:Connect(function(tool)
	local toolName = tool.Name
	if tool:IsA("Tool") then
		for i,v in pairs(tools) do
			if v == toolName then
				table.remove(tools, i)
			end
		end	
	end
	toolDropdown:Refresh(tools)
end)

local Section = Tab:Section("SelectMob")
Section:Dropdown("SelectMob", quests, "Select!", "Input Something", function(chosenQuest)
    getgenv().CurrentQuest = chosenQuest
end)

function enemy()
    if game.Workspace.Enemies:FindFirstChild(getgenv().CurrentQuest) then
        local mobs = game.Workspace.Enemies:GetChildren()
        for i = 1, #mobs do local v = mobs[i]
            if v.Name == getgenv().CurrentQuest and v:IsA("Model") and v:FindFirstChild("Humanoid") and v.Humanoid.Health > 0 then
                return v
            end
        end
    end
    return game.ReplicatedStorage:FindFirstChild(getgenv().CurrentQuest)
end
game:GetService("RunService").Stepped:Connect(function()
    if getgenv().getgenv().Noclip then
        pcall(function()
            plr.Character.Humanoid:ChangeState(11)
        end)
    end
    if getgenv().AutoFarm or getgenv().Noclip then
        pcall(function()
            plr.Character.Humanoid:ChangeState(11)
	    local useTool = game.Players.LocalPlayer.Backpack[getgenv().CurrentWeapon]
            plr.Character.Humanoid:EquipTool(useTool)
        end)
    end
    if getgenv().SkillX then
        pcall(function()
            keypress(0x58)
            wait(1)
            keyrelease(0x58)
        end)
    end
    if getgenv().SkillC then
        pcall(function()
            keypress(0x43)
            wait(1)
            keyrelease(0x43)
        end)
    end
    if getgenv().SkillF then
        pcall(function()
            keypress(0x46)
            wait(1)
            keyrelease(0x46)
        end)
    end
    if getgenv().SkillZ then
        pcall(function()
            keypress(0x5A)
            wait(1)
            keyrelease(0x5A)
        end)
    end
end)
coroutine.wrap(function()
    while wait() do
        if getgenv().AutoFarm and not getgenv().FarmStopped then
            local v = enemy()
            local vuser = game:GetService("VirtualUser")
            vuser:CaptureController()
            vuser:ClickButton1(Vector2.new())
            pcall(function()
                plr.Character.HumanoidRootPart.CFrame = v.HumanoidRootPart.CFrame - v.HumanoidRootPart.CFrame.lookVector * 2
            end)
        end
    end
end)()
--teleport--
local Tab = Library:Tab("Teleport")
local Section = Tab:Section("Teleport")
Section:Toggle("Ctrl + Click = TP", false, function(va)
    local Plr = game:GetService("Players").LocalPlayer
local Mouse = Plr:GetMouse()
 
Mouse.Button1Down:connect(
    function()
        if not game:GetService("UserInputService"):IsKeyDown(Enum.KeyCode.LeftControl) then
            return
        end
        if not Mouse.Target then
            return
        end
        Plr.Character:MoveTo(Mouse.Hit.p)
    end)
end)
Section:Toggle("Starterland", false, function(va)
    game.Players.LocalPlayer.Character.HumanoidRootPart.CFrame = CFrame.new(946.396484, 16.5166149, 1428.54102, -0.0332927071, -4.42573764e-08, 0.999445617, -4.84113132e-11, 1, 4.42803092e-08, -0.999445617, 1.42582701e-09, -0.0332927071)
end)
Section:Toggle("MiddleTown", false, function(va)
    game.Players.LocalPlayer.Character.HumanoidRootPart.CFrame = CFrame.new(-698.071655, 7.85224533, 1559.16711, 0.971976697, 3.74573865e-08, 0.235077143, -4.1371532e-08, 1, 1.17186092e-08, -0.235077143, -2.11157172e-08, 0.971976697)
end)
Section:Toggle("Jungle", false, function(va)
    game.Players.LocalPlayer.Character.HumanoidRootPart.CFrame = CFrame.new(-1324.81079, 11.8530645, 492.504089, -0.950561523, 0, -0.310536355, 0, 1, 0, 0.310536355, 0, -0.950561523)
end)
Section:Toggle("Desert", false, function(va)
    game.Players.LocalPlayer.Character.HumanoidRootPart.CFrame = CFrame.new(909.186157, 6.5132513, 4380.58252, -0.979714632, -1.68406054e-08, 0.2003977, -9.15892709e-11, 1, 8.35881551e-08, -0.2003977, 8.18741839e-08, -0.979714632)
end)
Section:Toggle("SnowIsland", false, function(va)
    game.Players.LocalPlayer.Character.HumanoidRootPart.CFrame = CFrame.new(1390.01794, 87.272789, -1347.60876, -0.199600711, -3.93440693e-08, -0.979877293, 1.92018632e-08, 1, -4.40634516e-08, 0.979877293, -2.76105663e-08, -0.199600711)
end)
Section:Toggle("MarineIsland", false, function(va)
    game.Players.LocalPlayer.Character.HumanoidRootPart.CFrame = CFrame.new(-4818.64404, 20.6519604, 4371.78076, 0.853140891, 0, -0.521680713, 0, 1, 0, 0.521680713, 0, 0.853140891)
end)
Section:Toggle("Skypiea1", false, function(va)
    game.Players.LocalPlayer.Character.HumanoidRootPart.CFrame = CFrame.new(-4695.72168, 845.277161, -1849.30481, 0.942552745, 0, 0.33405903, 0, 1, 0, -0.33405903, 0, 0.942552745)
end)
Section:Toggle("Skypiea2", false, function(va)
    game.Players.LocalPlayer.Character.HumanoidRootPart.CFrame = CFrame.new(-7887.83545, 5545.49316, -380.958527, -0.000477724156, -6.86372985e-08, -0.999999881, 5.76642201e-08, 1, -6.86648534e-08, 0.999999881, -5.76970152e-08, -0.000477724156)
end)
Section:Toggle("Skypiea3", false, function(va)
    game.Players.LocalPlayer.Character.HumanoidRootPart.CFrame = CFrame.new(-7896.74023, 5635.96387, -1419.48267, -0.974992573, -6.90924438e-08, -0.222236812, -7.22519289e-08, 1, 6.08653838e-09, 0.222236812, 2.19913616e-08, -0.974992573)
end)
Section:Toggle("Prison", false, function(va)
    game.Players.LocalPlayer.Character.HumanoidRootPart.CFrame = CFrame.new(5009.61572, 3.65196347, 739.075989, -0.00479308004, 9.31296569e-08, 0.999988496, 5.43943734e-08, 1, -9.28700103e-08, -0.999988496, 5.39486145e-08, -0.00479308004)
end)
Section:Toggle("Colosseum", false, function(va)
    game.Players.LocalPlayer.Character.HumanoidRootPart.CFrame = CFrame.new(-1477.56165, 7.38933945, -2937.54102, 0.748681664, -4.16919406e-08, 0.662929654, -1.05962474e-08, 1, 7.4857347e-08, -0.662929654, -6.30688533e-08, 0.748681664)
end)
Section:Toggle("MagmaVillage", false, function(va)
    game.Players.LocalPlayer.Character.HumanoidRootPart.CFrame = CFrame.new(-5254.56592, 8.59067631, 8451.16797, -0.356155008, 7.88511798e-08, 0.934427261, 7.19219528e-08, 1, -5.69715759e-08, -0.934427261, 4.69150905e-08, -0.356155008)
end)
Section:Toggle("FishmanIsland", false, function(va)
    game.Players.LocalPlayer.Character.HumanoidRootPart.CFrame = CFrame.new(61352.3828, 18.8707905, 1502.90942, -0.999073625, 2.99610892e-09, -0.043031659, 3.08991832e-09, 1, -2.11348894e-09, 0.043031659, -2.24449526e-09, -0.999073625)
end)
Section:Toggle("FountainCity", false, function(va)
    game.Players.LocalPlayer.Character.HumanoidRootPart.CFrame = CFrame.new(5072.36914, 4.50129032, 4158.08545, 0.574859381, 0, 0.818252444, 0, 1, 0, -0.818252623, 0, 0.57485944)
end)
local Section = Tab:Section("TeleportWorld2")
Section:Toggle("First Spot", false, function(v)
    game.Players.LocalPlayer.Character.HumanoidRootPart.CFrame = CFrame.new(-12.0712032, 19.2767334, 2830.55103, 0.999991894, -9.70383311e-08, -0.0040255473, 9.6878793e-08, 1, -3.98273805e-08, 0.0040255473, 3.94370687e-08, 0.999991894)
end)
Section:Toggle("Kingdom of Rose", false, function(v)
    game.Players.LocalPlayer.Character.HumanoidRootPart.CFrame = CFrame.new(-389.280792, 123.159729, 1060.02148, 0.996645749, 5.8851569e-08, 0.0818369836, -5.40415108e-08, 1, -6.09910344e-08, -0.0818369836, 5.63638558e-08, 0.996645749)
end)
Section:Toggle("Dark Area", false, function(v)
    game.Players.LocalPlayer.Character.HumanoidRootPart.CFrame = CFrame.new(3621.16528, 13.3493481, -3302.7395, 0.778767526, 2.46919782e-08, -0.627312601, 1.19120687e-08, 1, 5.41495737e-08, 0.627312601, -4.96425194e-08, 0.778767526)
end)
Section:Toggle("Flamingo Mansion", false, function(v)
    game.Players.LocalPlayer.Character.HumanoidRootPart.CFrame = CFrame.new(-389.256256, 322.060638, 804.212036, 0.999959409, 2.65020912e-08, 0.00901245512, -2.67206168e-08, 1, 2.41266065e-08, -0.00901245512, -2.43664449e-08, 0.999959409)
end)
Section:Toggle("Flamingo Room", false, function(v)
    game.Players.LocalPlayer.Character.HumanoidRootPart.CFrame = CFrame.new(2285.01807, 15.1520376, 899.485596, 0.999968708, -6.92961066e-09, -0.00791095756, 6.41582387e-09, 1, -6.49716014e-08, 0.00791095756, 6.49188152e-08, 0.999968708)
end)
Section:Toggle("Green bit", false, function(v)
    game.Players.LocalPlayer.Character.HumanoidRootPart.CFrame = CFrame.new(-2250.07617, 73.2693329, -2679.00684, 0.91374141, -2.19674305e-08, 0.406296223, -6.10797457e-09, 1, 6.78040806e-08, -0.406296223, -6.44370459e-08, 0.91374141)
end)
Section:Toggle("Cafe", false, function(v)
    game.Players.LocalPlayer.Character.HumanoidRootPart.CFrame = CFrame.new(-385.250916, 73.0200958, 297.388397, 1, 0, 0, 0, 1, 0, 0, 0, 1)
end)
Section:Toggle("Factory", false, function(v)
    game.Players.LocalPlayer.Character.HumanoidRootPart.CFrame = CFrame.new(250.072113, 73.0679626, -250.566299, 0.709058344, -1.17480022e-05, -0.705149412, -3.07607564e-07, 1, -1.69696032e-05, 0.705149412, 1.22493602e-05, 0.709058344)
end)
Section:Toggle("Colosseum", false, function(v)
    game.Players.LocalPlayer.Character.HumanoidRootPart.CFrame = CFrame.new(-1829.7439, 45.7947121, 1365.79236, -0.0542050786, -4.29878817e-08, 0.998529673, 1.05718878e-09, 1, 4.31085674e-08, -0.998529673, 3.39233752e-09, -0.0542050786)
end)
Section:Toggle("Ghost Island", false, function(v)
    game.Players.LocalPlayer.Character.HumanoidRootPart.CFrame = CFrame.new(-5421.82031, 48.4801445, -716.68219, 0.172037855, -4.24350652e-08, 0.985090315, 2.80721419e-08, 1, 3.81747682e-08, -0.985090315, 2.10860893e-08, 0.172037855)
end)
Section:Toggle("Ghost Island2nd", false, function(v)
    game.Players.LocalPlayer.Character.HumanoidRootPart.CFrame = CFrame.new(-5831.49316, 4.41178799, -1095.0636, 0.772736669, 2.36010465e-08, 0.634726763, -2.5622688e-08, 1, -5.98912342e-09, -0.634726763, -1.16353904e-08, 0.772736669)
end)
Section:Toggle("Snow Mountain", false, function(v)
    game.Players.LocalPlayer.Character.HumanoidRootPart.CFrame = CFrame.new(762.678955, 409.101227, -5266.34814, 0.907148778, -2.98645695e-08, -0.420810103, 1.73319792e-09, 1, -6.72329463e-08, 0.420810103, 6.02609305e-08, 0.907148778)
end)
Section:Toggle("Hot and Cold", false, function(v)
    game.Players.LocalPlayer.Character.HumanoidRootPart.CFrame = CFrame.new(-5833.02832, 15.9517622, -4863.14209, 0.975660861, -4.19447694e-08, 0.219284937, 2.18369998e-08, 1, 9.41207432e-08, -0.219284937, -8.70413999e-08, 0.975660861)
end)
Section:Toggle("Magma Side", false, function(v)
    game.Players.LocalPlayer.Character.HumanoidRootPart.CFrame = CFrame.new(-5521.28516, 15.9513817, -5013.17236, 0.861727118, -2.95518046e-08, -0.507372081, 2.7988365e-09, 1, -5.34912594e-08, 0.507372081, 4.46748167e-08, 0.861727118)
end)
Section:Toggle("Cursed Ship", false, function(v)
    game.Players.LocalPlayer.Character.HumanoidRootPart.CFrame = CFrame.new(923.213074, 125.057129, 32852.832, -0.999960124, -4.50870052e-09, 0.0089182537, 2.86126522e-09, 1, 8.26388316e-07, -0.0089182537, 8.26381154e-07, -0.999960124)
end)
Section:Toggle("Frosted Island", false, function(v)
    game.Players.LocalPlayer.Character.HumanoidRootPart.CFrame = CFrame.new(5156.5459, 283.565033, -6531.28711, 0.417184055, -6.57488926e-08, -0.908822, 5.90824882e-08, 1, -4.52240556e-08, 0.908822, -3.48287124e-08, 0.417184055)
end)
Section:Toggle("Usoapp Island", false, function(v)
    game.Players.LocalPlayer.Character.HumanoidRootPart.CFrame = CFrame.new(4753.49365, 8.31866837, 2844.32739, -0.686578274, 5.83738391e-08, -0.727055907, -2.25612222e-08, 1, 1.0159313e-07, 0.727055907, 8.61549054e-08, -0.686578274)
end)
Section:Toggle("Raids Law", false, function(v)
    game.Players.LocalPlayer.Character.HumanoidRootPart.CFrame = CFrame.new(-6293.12012, 16.2000732, -4994.10205, -0.303607613, 1.02938024e-07, 0.952797174, 4.51372131e-08, 1, -9.36548048e-08, -0.952797174, 1.45723096e-08, -0.303607613)
end)
Section:Toggle("Forgotton Island", false, function(v)
    game.Players.LocalPlayer.Character.HumanoidRootPart.CFrame = CFrame.new(-3053.70313, 238.846237, -10213.8711, 0.997547388, 3.68009319e-06, -0.0699884221, -2.12733084e-07, 1, 4.95493987e-05, 0.0699884221, -4.94129854e-05, 0.997547388)
end)
--Players--
local Tab = Library:Tab("Players")
local Section = Tab:Section("Players")

players = {}
 
for i,v in pairs(game:GetService("Players"):GetChildren()) do
   table.insert(players,v.Name)
end
Section:Dropdown("Select Player", players, "Select", function(abc)
    Select = abc
end)
Section:Toggle("Refresh", false, function(v)
    loadstring(game:HttpGet("https://pastebin.com/raw/L6XVEXLS"))()
end)
Section:Toggle("Teleport", false, function(v)
    game.Players.LocalPlayer.Character.HumanoidRootPart.CFrame = game.Players[Select].Character.HumanoidRootPart.CFrame
end)
Section:Toggle("Kill", false, function(v)
     local on
local keybind=Enum.KeyCode.F5
local keybindEnd=Enum.KeyCode.F6
local UserInputService=game:GetService("UserInputService")
local RunService=game:GetService("RunService")
local plr=game:GetService("Players").LocalPlayer
local mouse=plr:GetMouse()

local sg=Instance.new("ScreenGui",plr.PlayerGui)
local f=Instance.new("TextLabel",sg)
f.Size=UDim2.new(0,25,0,10)
f.BackgroundColor3=Color3.fromRGB(180,50,50)
f.Visible=false
f.Text="On"
f.TextSize=11

local vu = game:GetService("VirtualUser")
local function CC()
vu:CaptureController();
end 
local function CB()
local v2 = Vector2.new();
vu:ClickButton1(v2);
end

function Start(a,b)
   if a.KeyCode==keybind then
       on=true
       a=RunService.Stepped:Connect(function()
           if on then
               CC();
               CB();
               f.Visible=true
               f.Position=UDim2.new(0,mouse.X-12.5,0,mouse.Y-15)
           else
               a:Disconnect()
           end
       end)
       f.Visible=false
   end
end

function Stop(a,b)
   if a.KeyCode==keybindEnd then
       on=false
       f.Visible=false
   end
end

UserInputService.InputBegan:connect(Start)
UserInputService.InputEnded:connect(Stop)
wait(1)
    game.Players.LocalPlayer.Character.HumanoidRootPart.CFrame = game.Players[Select].Character.HumanoidRootPart.CFrame
    wait()
    game.Players.LocalPlayer.Character.HumanoidRootPart.CFrame = game.Players[Select].Character.HumanoidRootPart.CFrame
wait()
    game.Players.LocalPlayer.Character.HumanoidRootPart.CFrame = game.Players[Select].Character.HumanoidRootPart.CFrame
wait()
    game.Players.LocalPlayer.Character.HumanoidRootPart.CFrame = game.Players[Select].Character.HumanoidRootPart.CFrame
wait()
    game.Players.LocalPlayer.Character.HumanoidRootPart.CFrame = game.Players[Select].Character.HumanoidRootPart.CFrame
wait()
    game.Players.LocalPlayer.Character.HumanoidRootPart.CFrame = game.Players[Select].Character.HumanoidRootPart.CFrame
wait()
    game.Players.LocalPlayer.Character.HumanoidRootPart.CFrame = game.Players[Select].Character.HumanoidRootPart.CFrame
wait()
    game.Players.LocalPlayer.Character.HumanoidRootPart.CFrame = game.Players[Select].Character.HumanoidRootPart.CFrame
wait()
    game.Players.LocalPlayer.Character.HumanoidRootPart.CFrame = game.Players[Select].Character.HumanoidRootPart.CFrame
wait()
    game.Players.LocalPlayer.Character.HumanoidRootPart.CFrame = game.Players[Select].Character.HumanoidRootPart.CFrame
wait()
    game.Players.LocalPlayer.Character.HumanoidRootPart.CFrame = game.Players[Select].Character.HumanoidRootPart.CFrame
wait()
    game.Players.LocalPlayer.Character.HumanoidRootPart.CFrame = game.Players[Select].Character.HumanoidRootPart.CFrame
wait()
    game.Players.LocalPlayer.Character.HumanoidRootPart.CFrame = game.Players[Select].Character.HumanoidRootPart.CFrame
wait()
    game.Players.LocalPlayer.Character.HumanoidRootPart.CFrame = game.Players[Select].Character.HumanoidRootPart.CFrame
wait()
    game.Players.LocalPlayer.Character.HumanoidRootPart.CFrame = game.Players[Select].Character.HumanoidRootPart.CFrame
wait()
    game.Players.LocalPlayer.Character.HumanoidRootPart.CFrame = game.Players[Select].Character.HumanoidRootPart.CFrame
wait()
    game.Players.LocalPlayer.Character.HumanoidRootPart.CFrame = game.Players[Select].Character.HumanoidRootPart.CFrame
wait()
    game.Players.LocalPlayer.Character.HumanoidRootPart.CFrame = game.Players[Select].Character.HumanoidRootPart.CFrame
wait()
    game.Players.LocalPlayer.Character.HumanoidRootPart.CFrame = game.Players[Select].Character.HumanoidRootPart.CFrame
wait()
    game.Players.LocalPlayer.Character.HumanoidRootPart.CFrame = game.Players[Select].Character.HumanoidRootPart.CFrame
wait()
    game.Players.LocalPlayer.Character.HumanoidRootPart.CFrame = game.Players[Select].Character.HumanoidRootPart.CFrame
wait()
    game.Players.LocalPlayer.Character.HumanoidRootPart.CFrame = game.Players[Select].Character.HumanoidRootPart.CFrame
wait()
    game.Players.LocalPlayer.Character.HumanoidRootPart.CFrame = game.Players[Select].Character.HumanoidRootPart.CFrame
wait()
    game.Players.LocalPlayer.Character.HumanoidRootPart.CFrame = game.Players[Select].Character.HumanoidRootPart.CFrame
wait()
    game.Players.LocalPlayer.Character.HumanoidRootPart.CFrame = game.Players[Select].Character.HumanoidRootPart.CFrame
wait()
    game.Players.LocalPlayer.Character.HumanoidRootPart.CFrame = game.Players[Select].Character.HumanoidRootPart.CFrame
wait()
    game.Players.LocalPlayer.Character.HumanoidRootPart.CFrame = game.Players[Select].Character.HumanoidRootPart.CFrame
wait()
    game.Players.LocalPlayer.Character.HumanoidRootPart.CFrame = game.Players[Select].Character.HumanoidRootPart.CFrame
wait()
    game.Players.LocalPlayer.Character.HumanoidRootPart.CFrame = game.Players[Select].Character.HumanoidRootPart.CFrame
wait()
    game.Players.LocalPlayer.Character.HumanoidRootPart.CFrame = game.Players[Select].Character.HumanoidRootPart.CFrame
wait()
    game.Players.LocalPlayer.Character.HumanoidRootPart.CFrame = game.Players[Select].Character.HumanoidRootPart.CFrame
wait()
    game.Players.LocalPlayer.Character.HumanoidRootPart.CFrame = game.Players[Select].Character.HumanoidRootPart.CFrame
wait()
    game.Players.LocalPlayer.Character.HumanoidRootPart.CFrame = game.Players[Select].Character.HumanoidRootPart.CFrame
wait()
    game.Players.LocalPlayer.Character.HumanoidRootPart.CFrame = game.Players[Select].Character.HumanoidRootPart.CFrame
wait()
    game.Players.LocalPlayer.Character.HumanoidRootPart.CFrame = game.Players[Select].Character.HumanoidRootPart.CFrame
wait()
    game.Players.LocalPlayer.Character.HumanoidRootPart.CFrame = game.Players[Select].Character.HumanoidRootPart.CFrame
wait()
    game.Players.LocalPlayer.Character.HumanoidRootPart.CFrame = game.Players[Select].Character.HumanoidRootPart.CFrame
wait()
    game.Players.LocalPlayer.Character.HumanoidRootPart.CFrame = game.Players[Select].Character.HumanoidRootPart.CFrame
game.Players.LocalPlayer.Character.HumanoidRootPart.CFrame = game.Players[Select].Character.HumanoidRootPart.CFrame
    wait()
    game.Players.LocalPlayer.Character.HumanoidRootPart.CFrame = game.Players[Select].Character.HumanoidRootPart.CFrame
wait()
    game.Players.LocalPlayer.Character.HumanoidRootPart.CFrame = game.Players[Select].Character.HumanoidRootPart.CFrame
wait()
    game.Players.LocalPlayer.Character.HumanoidRootPart.CFrame = game.Players[Select].Character.HumanoidRootPart.CFrame
wait()
    game.Players.LocalPlayer.Character.HumanoidRootPart.CFrame = game.Players[Select].Character.HumanoidRootPart.CFrame
wait()
    game.Players.LocalPlayer.Character.HumanoidRootPart.CFrame = game.Players[Select].Character.HumanoidRootPart.CFrame
wait()
    game.Players.LocalPlayer.Character.HumanoidRootPart.CFrame = game.Players[Select].Character.HumanoidRootPart.CFrame
wait()
    game.Players.LocalPlayer.Character.HumanoidRootPart.CFrame = game.Players[Select].Character.HumanoidRootPart.CFrame
wait()
    game.Players.LocalPlayer.Character.HumanoidRootPart.CFrame = game.Players[Select].Character.HumanoidRootPart.CFrame
wait()
    game.Players.LocalPlayer.Character.HumanoidRootPart.CFrame = game.Players[Select].Character.HumanoidRootPart.CFrame
wait()
    game.Players.LocalPlayer.Character.HumanoidRootPart.CFrame = game.Players[Select].Character.HumanoidRootPart.CFrame
wait()
    game.Players.LocalPlayer.Character.HumanoidRootPart.CFrame = game.Players[Select].Character.HumanoidRootPart.CFrame
wait()
    game.Players.LocalPlayer.Character.HumanoidRootPart.CFrame = game.Players[Select].Character.HumanoidRootPart.CFrame
wait()
    game.Players.LocalPlayer.Character.HumanoidRootPart.CFrame = game.Players[Select].Character.HumanoidRootPart.CFrame
wait()
    game.Players.LocalPlayer.Character.HumanoidRootPart.CFrame = game.Players[Select].Character.HumanoidRootPart.CFrame
wait()
    game.Players.LocalPlayer.Character.HumanoidRootPart.CFrame = game.Players[Select].Character.HumanoidRootPart.CFrame
wait()
    game.Players.LocalPlayer.Character.HumanoidRootPart.CFrame = game.Players[Select].Character.HumanoidRootPart.CFrame
wait()
    game.Players.LocalPlayer.Character.HumanoidRootPart.CFrame = game.Players[Select].Character.HumanoidRootPart.CFrame
wait()
    game.Players.LocalPlayer.Character.HumanoidRootPart.CFrame = game.Players[Select].Character.HumanoidRootPart.CFrame
wait()
    game.Players.LocalPlayer.Character.HumanoidRootPart.CFrame = game.Players[Select].Character.HumanoidRootPart.CFrame
wait()
    game.Players.LocalPlayer.Character.HumanoidRootPart.CFrame = game.Players[Select].Character.HumanoidRootPart.CFrame
wait()
    game.Players.LocalPlayer.Character.HumanoidRootPart.CFrame = game.Players[Select].Character.HumanoidRootPart.CFrame
wait()
    game.Players.LocalPlayer.Character.HumanoidRootPart.CFrame = game.Players[Select].Character.HumanoidRootPart.CFrame
wait()
    game.Players.LocalPlayer.Character.HumanoidRootPart.CFrame = game.Players[Select].Character.HumanoidRootPart.CFrame
wait()
    game.Players.LocalPlayer.Character.HumanoidRootPart.CFrame = game.Players[Select].Character.HumanoidRootPart.CFrame
wait()
    game.Players.LocalPlayer.Character.HumanoidRootPart.CFrame = game.Players[Select].Character.HumanoidRootPart.CFrame
wait()
    game.Players.LocalPlayer.Character.HumanoidRootPart.CFrame = game.Players[Select].Character.HumanoidRootPart.CFrame
wait()
    game.Players.LocalPlayer.Character.HumanoidRootPart.CFrame = game.Players[Select].Character.HumanoidRootPart.CFrame
wait()
    game.Players.LocalPlayer.Character.HumanoidRootPart.CFrame = game.Players[Select].Character.HumanoidRootPart.CFrame
wait()
    game.Players.LocalPlayer.Character.HumanoidRootPart.CFrame = game.Players[Select].Character.HumanoidRootPart.CFrame
wait()
    game.Players.LocalPlayer.Character.HumanoidRootPart.CFrame = game.Players[Select].Character.HumanoidRootPart.CFrame
wait()
    game.Players.LocalPlayer.Character.HumanoidRootPart.CFrame = game.Players[Select].Character.HumanoidRootPart.CFrame
wait()
    game.Players.LocalPlayer.Character.HumanoidRootPart.CFrame = game.Players[Select].Character.HumanoidRootPart.CFrame
wait()
    game.Players.LocalPlayer.Character.HumanoidRootPart.CFrame = game.Players[Select].Character.HumanoidRootPart.CFrame
wait()
    game.Players.LocalPlayer.Character.HumanoidRootPart.CFrame = game.Players[Select].Character.HumanoidRootPart.CFrame
wait()
    game.Players.LocalPlayer.Character.HumanoidRootPart.CFrame = game.Players[Select].Character.HumanoidRootPart.CFrame
wait()
    game.Players.LocalPlayer.Character.HumanoidRootPart.CFrame = game.Players[Select].Character.HumanoidRootPart.CFrame
wait()
    game.Players.LocalPlayer.Character.HumanoidRootPart.CFrame = game.Players[Select].Character.HumanoidRootPart.CFrame
game.Players.LocalPlayer.Character.HumanoidRootPart.CFrame = game.Players[Select].Character.HumanoidRootPart.CFrame
    wait()
    game.Players.LocalPlayer.Character.HumanoidRootPart.CFrame = game.Players[Select].Character.HumanoidRootPart.CFrame
wait()
    game.Players.LocalPlayer.Character.HumanoidRootPart.CFrame = game.Players[Select].Character.HumanoidRootPart.CFrame
wait()
    game.Players.LocalPlayer.Character.HumanoidRootPart.CFrame = game.Players[Select].Character.HumanoidRootPart.CFrame
wait()
    game.Players.LocalPlayer.Character.HumanoidRootPart.CFrame = game.Players[Select].Character.HumanoidRootPart.CFrame
wait()
    game.Players.LocalPlayer.Character.HumanoidRootPart.CFrame = game.Players[Select].Character.HumanoidRootPart.CFrame
wait()
    game.Players.LocalPlayer.Character.HumanoidRootPart.CFrame = game.Players[Select].Character.HumanoidRootPart.CFrame
wait()
    game.Players.LocalPlayer.Character.HumanoidRootPart.CFrame = game.Players[Select].Character.HumanoidRootPart.CFrame
wait()
    game.Players.LocalPlayer.Character.HumanoidRootPart.CFrame = game.Players[Select].Character.HumanoidRootPart.CFrame
wait()
    game.Players.LocalPlayer.Character.HumanoidRootPart.CFrame = game.Players[Select].Character.HumanoidRootPart.CFrame
wait()
    game.Players.LocalPlayer.Character.HumanoidRootPart.CFrame = game.Players[Select].Character.HumanoidRootPart.CFrame
wait()
    game.Players.LocalPlayer.Character.HumanoidRootPart.CFrame = game.Players[Select].Character.HumanoidRootPart.CFrame
wait()
    game.Players.LocalPlayer.Character.HumanoidRootPart.CFrame = game.Players[Select].Character.HumanoidRootPart.CFrame
wait()
    game.Players.LocalPlayer.Character.HumanoidRootPart.CFrame = game.Players[Select].Character.HumanoidRootPart.CFrame
wait()
    game.Players.LocalPlayer.Character.HumanoidRootPart.CFrame = game.Players[Select].Character.HumanoidRootPart.CFrame
wait()
    game.Players.LocalPlayer.Character.HumanoidRootPart.CFrame = game.Players[Select].Character.HumanoidRootPart.CFrame
wait()
    game.Players.LocalPlayer.Character.HumanoidRootPart.CFrame = game.Players[Select].Character.HumanoidRootPart.CFrame
wait()
    game.Players.LocalPlayer.Character.HumanoidRootPart.CFrame = game.Players[Select].Character.HumanoidRootPart.CFrame
wait()
    game.Players.LocalPlayer.Character.HumanoidRootPart.CFrame = game.Players[Select].Character.HumanoidRootPart.CFrame
wait()
    game.Players.LocalPlayer.Character.HumanoidRootPart.CFrame = game.Players[Select].Character.HumanoidRootPart.CFrame
wait()
    game.Players.LocalPlayer.Character.HumanoidRootPart.CFrame = game.Players[Select].Character.HumanoidRootPart.CFrame
wait()
    game.Players.LocalPlayer.Character.HumanoidRootPart.CFrame = game.Players[Select].Character.HumanoidRootPart.CFrame
wait()
    game.Players.LocalPlayer.Character.HumanoidRootPart.CFrame = game.Players[Select].Character.HumanoidRootPart.CFrame
wait()
    game.Players.LocalPlayer.Character.HumanoidRootPart.CFrame = game.Players[Select].Character.HumanoidRootPart.CFrame
wait()
    game.Players.LocalPlayer.Character.HumanoidRootPart.CFrame = game.Players[Select].Character.HumanoidRootPart.CFrame
wait()
    game.Players.LocalPlayer.Character.HumanoidRootPart.CFrame = game.Players[Select].Character.HumanoidRootPart.CFrame
wait()
    game.Players.LocalPlayer.Character.HumanoidRootPart.CFrame = game.Players[Select].Character.HumanoidRootPart.CFrame
wait()
    game.Players.LocalPlayer.Character.HumanoidRootPart.CFrame = game.Players[Select].Character.HumanoidRootPart.CFrame
wait()
    game.Players.LocalPlayer.Character.HumanoidRootPart.CFrame = game.Players[Select].Character.HumanoidRootPart.CFrame
wait()
    game.Players.LocalPlayer.Character.HumanoidRootPart.CFrame = game.Players[Select].Character.HumanoidRootPart.CFrame
wait()
    game.Players.LocalPlayer.Character.HumanoidRootPart.CFrame = game.Players[Select].Character.HumanoidRootPart.CFrame
wait()
    game.Players.LocalPlayer.Character.HumanoidRootPart.CFrame = game.Players[Select].Character.HumanoidRootPart.CFrame
wait()
    game.Players.LocalPlayer.Character.HumanoidRootPart.CFrame = game.Players[Select].Character.HumanoidRootPart.CFrame
wait()
    game.Players.LocalPlayer.Character.HumanoidRootPart.CFrame = game.Players[Select].Character.HumanoidRootPart.CFrame
wait()
    game.Players.LocalPlayer.Character.HumanoidRootPart.CFrame = game.Players[Select].Character.HumanoidRootPart.CFrame
wait()
    game.Players.LocalPlayer.Character.HumanoidRootPart.CFrame = game.Players[Select].Character.HumanoidRootPart.CFrame
wait()
    game.Players.LocalPlayer.Character.HumanoidRootPart.CFrame = game.Players[Select].Character.HumanoidRootPart.CFrame
wait()
    game.Players.LocalPlayer.Character.HumanoidRootPart.CFrame = game.Players[Select].Character.HumanoidRootPart.CFrame
game.Players.LocalPlayer.Character.HumanoidRootPart.CFrame = game.Players[Select].Character.HumanoidRootPart.CFrame
    wait()
    game.Players.LocalPlayer.Character.HumanoidRootPart.CFrame = game.Players[Select].Character.HumanoidRootPart.CFrame
wait()
    game.Players.LocalPlayer.Character.HumanoidRootPart.CFrame = game.Players[Select].Character.HumanoidRootPart.CFrame
wait()
    game.Players.LocalPlayer.Character.HumanoidRootPart.CFrame = game.Players[Select].Character.HumanoidRootPart.CFrame
wait()
    game.Players.LocalPlayer.Character.HumanoidRootPart.CFrame = game.Players[Select].Character.HumanoidRootPart.CFrame
wait()
    game.Players.LocalPlayer.Character.HumanoidRootPart.CFrame = game.Players[Select].Character.HumanoidRootPart.CFrame
wait()
    game.Players.LocalPlayer.Character.HumanoidRootPart.CFrame = game.Players[Select].Character.HumanoidRootPart.CFrame
wait()
    game.Players.LocalPlayer.Character.HumanoidRootPart.CFrame = game.Players[Select].Character.HumanoidRootPart.CFrame
wait()
    game.Players.LocalPlayer.Character.HumanoidRootPart.CFrame = game.Players[Select].Character.HumanoidRootPart.CFrame
wait()
    game.Players.LocalPlayer.Character.HumanoidRootPart.CFrame = game.Players[Select].Character.HumanoidRootPart.CFrame
wait()
    game.Players.LocalPlayer.Character.HumanoidRootPart.CFrame = game.Players[Select].Character.HumanoidRootPart.CFrame
wait()
    game.Players.LocalPlayer.Character.HumanoidRootPart.CFrame = game.Players[Select].Character.HumanoidRootPart.CFrame
wait()
    game.Players.LocalPlayer.Character.HumanoidRootPart.CFrame = game.Players[Select].Character.HumanoidRootPart.CFrame
wait()
    game.Players.LocalPlayer.Character.HumanoidRootPart.CFrame = game.Players[Select].Character.HumanoidRootPart.CFrame
wait()
    game.Players.LocalPlayer.Character.HumanoidRootPart.CFrame = game.Players[Select].Character.HumanoidRootPart.CFrame
wait()
    game.Players.LocalPlayer.Character.HumanoidRootPart.CFrame = game.Players[Select].Character.HumanoidRootPart.CFrame
wait()
    game.Players.LocalPlayer.Character.HumanoidRootPart.CFrame = game.Players[Select].Character.HumanoidRootPart.CFrame
wait()
    game.Players.LocalPlayer.Character.HumanoidRootPart.CFrame = game.Players[Select].Character.HumanoidRootPart.CFrame
wait()
    game.Players.LocalPlayer.Character.HumanoidRootPart.CFrame = game.Players[Select].Character.HumanoidRootPart.CFrame
wait()
    game.Players.LocalPlayer.Character.HumanoidRootPart.CFrame = game.Players[Select].Character.HumanoidRootPart.CFrame
wait()
    game.Players.LocalPlayer.Character.HumanoidRootPart.CFrame = game.Players[Select].Character.HumanoidRootPart.CFrame
wait()
    game.Players.LocalPlayer.Character.HumanoidRootPart.CFrame = game.Players[Select].Character.HumanoidRootPart.CFrame
wait()
    game.Players.LocalPlayer.Character.HumanoidRootPart.CFrame = game.Players[Select].Character.HumanoidRootPart.CFrame
wait()
    game.Players.LocalPlayer.Character.HumanoidRootPart.CFrame = game.Players[Select].Character.HumanoidRootPart.CFrame
wait()
    game.Players.LocalPlayer.Character.HumanoidRootPart.CFrame = game.Players[Select].Character.HumanoidRootPart.CFrame
wait()
    game.Players.LocalPlayer.Character.HumanoidRootPart.CFrame = game.Players[Select].Character.HumanoidRootPart.CFrame
wait()
    game.Players.LocalPlayer.Character.HumanoidRootPart.CFrame = game.Players[Select].Character.HumanoidRootPart.CFrame
wait()
    game.Players.LocalPlayer.Character.HumanoidRootPart.CFrame = game.Players[Select].Character.HumanoidRootPart.CFrame
wait()
    game.Players.LocalPlayer.Character.HumanoidRootPart.CFrame = game.Players[Select].Character.HumanoidRootPart.CFrame
wait()
    game.Players.LocalPlayer.Character.HumanoidRootPart.CFrame = game.Players[Select].Character.HumanoidRootPart.CFrame
wait()
    game.Players.LocalPlayer.Character.HumanoidRootPart.CFrame = game.Players[Select].Character.HumanoidRootPart.CFrame
wait()
    game.Players.LocalPlayer.Character.HumanoidRootPart.CFrame = game.Players[Select].Character.HumanoidRootPart.CFrame
wait()
    game.Players.LocalPlayer.Character.HumanoidRootPart.CFrame = game.Players[Select].Character.HumanoidRootPart.CFrame
wait()
    game.Players.LocalPlayer.Character.HumanoidRootPart.CFrame = game.Players[Select].Character.HumanoidRootPart.CFrame
wait()
    game.Players.LocalPlayer.Character.HumanoidRootPart.CFrame = game.Players[Select].Character.HumanoidRootPart.CFrame
wait()
    game.Players.LocalPlayer.Character.HumanoidRootPart.CFrame = game.Players[Select].Character.HumanoidRootPart.CFrame
wait()
    game.Players.LocalPlayer.Character.HumanoidRootPart.CFrame = game.Players[Select].Character.HumanoidRootPart.CFrame
wait()
    game.Players.LocalPlayer.Character.HumanoidRootPart.CFrame = game.Players[Select].Character.HumanoidRootPart.CFrame
game.Players.LocalPlayer.Character.HumanoidRootPart.CFrame = game.Players[Select].Character.HumanoidRootPart.CFrame
    wait()
    game.Players.LocalPlayer.Character.HumanoidRootPart.CFrame = game.Players[Select].Character.HumanoidRootPart.CFrame
wait()
    game.Players.LocalPlayer.Character.HumanoidRootPart.CFrame = game.Players[Select].Character.HumanoidRootPart.CFrame
wait()
    game.Players.LocalPlayer.Character.HumanoidRootPart.CFrame = game.Players[Select].Character.HumanoidRootPart.CFrame
wait()
    game.Players.LocalPlayer.Character.HumanoidRootPart.CFrame = game.Players[Select].Character.HumanoidRootPart.CFrame
wait()
    game.Players.LocalPlayer.Character.HumanoidRootPart.CFrame = game.Players[Select].Character.HumanoidRootPart.CFrame
wait()
    game.Players.LocalPlayer.Character.HumanoidRootPart.CFrame = game.Players[Select].Character.HumanoidRootPart.CFrame
wait()
    game.Players.LocalPlayer.Character.HumanoidRootPart.CFrame = game.Players[Select].Character.HumanoidRootPart.CFrame
wait()
    game.Players.LocalPlayer.Character.HumanoidRootPart.CFrame = game.Players[Select].Character.HumanoidRootPart.CFrame
wait()
    game.Players.LocalPlayer.Character.HumanoidRootPart.CFrame = game.Players[Select].Character.HumanoidRootPart.CFrame
wait()
    game.Players.LocalPlayer.Character.HumanoidRootPart.CFrame = game.Players[Select].Character.HumanoidRootPart.CFrame
wait()
    game.Players.LocalPlayer.Character.HumanoidRootPart.CFrame = game.Players[Select].Character.HumanoidRootPart.CFrame
wait()
    game.Players.LocalPlayer.Character.HumanoidRootPart.CFrame = game.Players[Select].Character.HumanoidRootPart.CFrame
wait()
    game.Players.LocalPlayer.Character.HumanoidRootPart.CFrame = game.Players[Select].Character.HumanoidRootPart.CFrame
wait()
    game.Players.LocalPlayer.Character.HumanoidRootPart.CFrame = game.Players[Select].Character.HumanoidRootPart.CFrame
wait()
    game.Players.LocalPlayer.Character.HumanoidRootPart.CFrame = game.Players[Select].Character.HumanoidRootPart.CFrame
wait()
    game.Players.LocalPlayer.Character.HumanoidRootPart.CFrame = game.Players[Select].Character.HumanoidRootPart.CFrame
wait()
    game.Players.LocalPlayer.Character.HumanoidRootPart.CFrame = game.Players[Select].Character.HumanoidRootPart.CFrame
wait()
    game.Players.LocalPlayer.Character.HumanoidRootPart.CFrame = game.Players[Select].Character.HumanoidRootPart.CFrame
wait()
    game.Players.LocalPlayer.Character.HumanoidRootPart.CFrame = game.Players[Select].Character.HumanoidRootPart.CFrame
wait()
    game.Players.LocalPlayer.Character.HumanoidRootPart.CFrame = game.Players[Select].Character.HumanoidRootPart.CFrame
wait()
    game.Players.LocalPlayer.Character.HumanoidRootPart.CFrame = game.Players[Select].Character.HumanoidRootPart.CFrame
wait()
    game.Players.LocalPlayer.Character.HumanoidRootPart.CFrame = game.Players[Select].Character.HumanoidRootPart.CFrame
wait()
    game.Players.LocalPlayer.Character.HumanoidRootPart.CFrame = game.Players[Select].Character.HumanoidRootPart.CFrame
wait()
    game.Players.LocalPlayer.Character.HumanoidRootPart.CFrame = game.Players[Select].Character.HumanoidRootPart.CFrame
wait()
    game.Players.LocalPlayer.Character.HumanoidRootPart.CFrame = game.Players[Select].Character.HumanoidRootPart.CFrame
wait()
    game.Players.LocalPlayer.Character.HumanoidRootPart.CFrame = game.Players[Select].Character.HumanoidRootPart.CFrame
wait()
    game.Players.LocalPlayer.Character.HumanoidRootPart.CFrame = game.Players[Select].Character.HumanoidRootPart.CFrame
wait()
    game.Players.LocalPlayer.Character.HumanoidRootPart.CFrame = game.Players[Select].Character.HumanoidRootPart.CFrame
wait()
    game.Players.LocalPlayer.Character.HumanoidRootPart.CFrame = game.Players[Select].Character.HumanoidRootPart.CFrame
wait()
    game.Players.LocalPlayer.Character.HumanoidRootPart.CFrame = game.Players[Select].Character.HumanoidRootPart.CFrame
wait()
    game.Players.LocalPlayer.Character.HumanoidRootPart.CFrame = game.Players[Select].Character.HumanoidRootPart.CFrame
wait()
    game.Players.LocalPlayer.Character.HumanoidRootPart.CFrame = game.Players[Select].Character.HumanoidRootPart.CFrame
wait()
    game.Players.LocalPlayer.Character.HumanoidRootPart.CFrame = game.Players[Select].Character.HumanoidRootPart.CFrame
wait()
    game.Players.LocalPlayer.Character.HumanoidRootPart.CFrame = game.Players[Select].Character.HumanoidRootPart.CFrame
wait()
    game.Players.LocalPlayer.Character.HumanoidRootPart.CFrame = game.Players[Select].Character.HumanoidRootPart.CFrame
wait()
    game.Players.LocalPlayer.Character.HumanoidRootPart.CFrame = game.Players[Select].Character.HumanoidRootPart.CFrame
wait()
    game.Players.LocalPlayer.Character.HumanoidRootPart.CFrame = game.Players[Select].Character.HumanoidRootPart.CFrame
game.Players.LocalPlayer.Character.HumanoidRootPart.CFrame = game.Players[Select].Character.HumanoidRootPart.CFrame
    wait()
